Settle time (s),Measured Distance (cm), Error to real distance = 0 cm
0,207.67,-207.67
0,667.36,-667.36
0,1830.26,-1830.26
0.001,6869.04,-6869.04
0.001,793.05,-793.05
0.001,808.69,-808.69
0.002,759.21,-759.21
0.002,767.65,-767.65
0.002,1283.06,-1283.06
0.003,734.57,-734.57
0.003,754.69,-754.69
0.003,738.91,-738.91
0.004,748.44,-748.44
0.004,765.83,-765.83
0.004,1508.89,-1508.89
0.005,873.33,-873.33
0.005,3662.33,-3662.33
0.005,5031.95,-5031.95
0.006,3531.9,-3531.9
0.006,1666.0,-1666.0
0.006,6868.69,-6868.69
0.007,6868.56,-6868.56
0.007,681.44,-681.44
0.007,672.45,-672.45
0.008,666.62,-666.62
0.008,678.85,-678.85
0.008,1687.51,-1687.51
0.009,650.38,-650.38
0.009,693.89,-693.89
0.009,645.3,-645.3
0.01,651.98,-651.98
0.01,6868.47,-6868.47
0.01,626.29,-626.29
0.011,613.92,-613.92
0.011,619.56,-619.56
0.011,728.53,-728.53
0.012,593.68,-593.68
0.012,873.38,-873.38
0.012,6868.4,-6868.4
0.013,860.53,-860.53
0.013,1064.26,-1064.26
0.013,1056.82,-1056.82
0.014,597.85,-597.85
0.014,5771.01,-5771.01
0.014,917.34,-917.34
0.015,555.45,-555.45
0.015,538.37,-538.37
0.015,524.17,-524.17
0.016,635.12,-635.12
0.016,511.45,-511.45
0.016,507.26,-507.26
0.017,527.02,-527.02
0.017,1033.62,-1033.62
0.017,6813.34,-6813.34
0.018,520.09,-520.09
0.018,470.87,-470.87
0.018,476.8,-476.8
0.019,470.6,-470.6
0.019,469.38,-469.38
0.019,6868.03,-6868.03
0.02,451.32,-451.32
0.02,451.71,-451.71
0.02,485.81,-485.81
0.021,441.82,-441.82
0.021,438.2,-438.2
0.021,427.12,-427.12
0.022,439.04,-439.04
0.022,427.17,-427.17
0.022,415.77,-415.77
0.023,401.53,-401.53
0.023,402.01,-402.01
0.023,411.0,-411.0
0.024,547.93,-547.93
0.024,415.61,-415.61
0.024,501.24,-501.24
0.025,540.19,-540.19
0.025,6867.96,-6867.96
0.025,532.03,-532.03
0.026,352.26,-352.26
0.026,346.98,-346.98
0.026,370.96,-370.96
0.027,318.51,-318.51
0.027,320.69,-320.69
0.027,6867.68,-6867.68
0.028,322.18,-322.18
0.028,360.42,-360.42
0.028,323.43,-323.43
0.029,334.72,-334.72
0.029,305.27,-305.27
0.029,301.4,-301.4
0.03,306.81,-306.81
0.03,326.0,-326.0
0.03,293.27,-293.27
0.031,900.61,-900.61
0.031,657.29,-657.29
0.031,761.36,-761.36
0.032,755.05,-755.05
0.032,817.11,-817.11
0.032,780.48,-780.48
0.033,777.0,-777.0
0.033,761.67,-761.67
0.033,6868.45,-6868.45
0.034,6085.69,-6085.69
0.034,217.46,-217.46
0.034,215.76,-215.76
0.035,6868.08,-6868.08
0.035,208.07,-208.07
0.035,214.81,-214.81
0.036,178.46,-178.46
0.036,199.11,-199.11
0.036,196.02,-196.02
0.037,176.54,-176.54
0.037,150.92,-150.92
0.037,194.57,-194.57
0.038,149.88,-149.88
0.038,228.22,-228.22
0.038,160.78,-160.78
0.039,132.07,-132.07
0.039,136.74,-136.74
0.039,367.95,-367.95
0.04,144.92,-144.92
0.04,6868.54,-6868.54
0.04,4875.85,-4875.85
0.041,147.18,-147.18
0.041,697.1,-697.1
0.041,6868.25,-6868.25
0.042,82.7,-82.7
0.042,358.9,-358.9
0.042,6868.32,-6868.32
0.043,6868.11,-6868.11
0.043,1213.88,-1213.88
0.043,98.58,-98.58
0.044,6868.92,-6868.92
0.044,324.56,-324.56
0.044,540.28,-540.28
0.045,6868.38,-6868.38
0.045,72.95,-72.95
0.045,6868.1,-6868.1
0.046,538.48,-538.48
0.046,6868.78,-6868.78
0.046,6868.23,-6868.23
0.047,6868.42,-6868.42
0.047,6868.68,-6868.68
0.047,311.26,-311.26
0.048,6868.89,-6868.89
0.048,3758.95,-3758.95
0.048,6868.81,-6868.81
0.049,111.53,-111.53
0.049,6869.4,-6869.4
0.049,413.54,-413.54
0.05,6814.12,-6814.12
0.05,582.93,-582.93
0.05,6869.28,-6869.28
0.051,6813.75,-6813.75
0.051,6869.24,-6869.24
0.051,6868.58,-6868.58
0.052,6813.25,-6813.25
0.052,6869.14,-6869.14
0.052,456.48,-456.48
0.053,6869.23,-6869.23
0.053,6869.36,-6869.36
0.053,6869.64,-6869.64
0.054,579.62,-579.62
0.054,6813.63,-6813.63
0.054,3815.32,-3815.32
0.055,4369.32,-4369.32
0.055,1693.41,-1693.41
0.055,6868.31,-6868.31
0.056,1558.64,-1558.64
0.056,1488.77,-1488.77
0.056,1910.65,-1910.65
0.057,1398.38,-1398.38
0.057,1547.99,-1547.99
0.057,1464.64,-1464.64
0.058,1633.04,-1633.04
0.058,6868.8,-6868.8
0.058,1300.64,-1300.64
0.059,1620.35,-1620.35
0.059,311.27,-311.27
0.059,6869.26,-6869.26
0.06,5547.48,-5547.48
0.06,6868.29,-6868.29
0.06,6867.7,-6867.7
0.061,6868.2,-6868.2
0.061,6868.37,-6868.37
0.061,6869.09,-6869.09
0.062,6868.51,-6868.51
0.062,6868.76,-6868.76
0.062,6868.83,-6868.83
0.063,6868.88,-6868.88
0.063,6869.07,-6869.07
0.063,220.62,-220.62
0.064,6869.19,-6869.19
0.064,6869.52,-6869.52
0.064,543.28,-543.28
0.065,6868.97,-6868.97
0.065,6868.51,-6868.51
0.065,6868.85,-6868.85
0.066,6868.68,-6868.68
0.066,6812.87,-6812.87
0.066,6868.63,-6868.63
0.067,6868.11,-6868.11
0.067,2141.33,-2141.33
0.067,6813.16,-6813.16
0.068,6868.52,-6868.52
0.068,6868.42,-6868.42
0.068,145.54,-145.54
0.069,6813.23,-6813.23
0.069,6868.42,-6868.42
0.069,6868.45,-6868.45
0.07,6813.03,-6813.03
0.07,6868.35,-6868.35
0.07,6868.56,-6868.56
0.071,6813.08,-6813.08
0.071,6868.49,-6868.49
0.071,6868.32,-6868.32
0.072,6812.49,-6812.49
0.072,6867.89,-6867.89
0.072,6868.06,-6868.06
0.073,6812.56,-6812.56
0.073,6867.79,-6867.79
0.073,6868.32,-6868.32
0.074,6813.08,-6813.08
0.074,6868.45,-6868.45
0.074,6868.61,-6868.61
0.075,6812.61,-6812.61
0.075,1098.18,-1098.18
0.075,242.09,-242.09
0.076,321.65,-321.65
0.076,187.09,-187.09
0.076,205.56,-205.56
0.077,265.27,-265.27
0.077,194.82,-194.82
0.077,205.75,-205.75
0.078,212.52,-212.52
0.078,244.92,-244.92
0.078,3687.59,-3687.59
0.079,6868.16,-6868.16
0.079,6867.87,-6867.87
0.079,6868.23,-6868.23
0.08,6868.1,-6868.1
0.08,6868.42,-6868.42
0.08,6868.44,-6868.44
0.081,6868.25,-6868.25
0.081,6868.09,-6868.09
0.081,6867.96,-6867.96
0.082,6867.72,-6867.72
0.082,6868.27,-6868.27
0.082,6868.27,-6868.27
0.083,6868.3,-6868.3
0.083,6868.65,-6868.65
0.083,6144.38,-6144.38
0.084,6813.01,-6813.01
0.084,6868.46,-6868.46
0.084,6868.37,-6868.37
0.085,6812.55,-6812.55
0.085,6868.73,-6868.73
0.085,6868.97,-6868.97
0.086,6813.37,-6813.37
0.086,6868.64,-6868.64
0.086,6868.01,-6868.01
0.087,6812.51,-6812.51
0.087,793.26,-793.26
0.087,3764.77,-3764.77
0.088,1080.37,-1080.37
0.088,6868.47,-6868.47
0.088,6868.42,-6868.42
0.089,2626.57,-2626.57
0.089,6867.43,-6867.43
0.089,6867.62,-6867.62
0.09,6812.91,-6812.91
0.09,6868.13,-6868.13
0.09,6868.33,-6868.33
0.091,6812.85,-6812.85
0.091,3889.0,-3889.0
0.091,6868.56,-6868.56
0.092,6868.51,-6868.51
0.092,6868.72,-6868.72
0.092,6868.63,-6868.63
0.093,6868.63,-6868.63
0.093,6868.13,-6868.13
0.093,6813.09,-6813.09
0.094,6868.16,-6868.16
0.094,6868.85,-6868.85
0.094,6813.25,-6813.25
0.095,6868.57,-6868.57
0.095,6868.97,-6868.97
0.095,6813.52,-6813.52
0.096,6868.64,-6868.64
0.096,6868.23,-6868.23
0.096,6812.77,-6812.77
0.097,6868.59,-6868.59
0.097,6868.58,-6868.58
0.097,6812.8,-6812.8
0.098,6868.04,-6868.04
0.098,6868.42,-6868.42
0.098,6812.73,-6812.73
0.099,6868.01,-6868.01
0.099,6867.86,-6867.86
0.099,6813.11,-6813.11
0.1,6868.38,-6868.38
0.1,6868.21,-6868.21
0.1,6813.14,-6813.14
0.101,6867.87,-6867.87
0.101,6868.13,-6868.13
0.101,6812.55,-6812.55
0.102,6867.75,-6867.75
0.102,6867.43,-6867.43
0.102,6812.62,-6812.62
0.103,6868.4,-6868.4
0.103,6868.23,-6868.23
0.103,6812.84,-6812.84
0.104,6868.25,-6868.25
0.104,6868.49,-6868.49
0.104,6813.45,-6813.45
0.105,825.26,-825.26
0.105,6868.64,-6868.64
0.105,6868.37,-6868.37
0.106,6868.61,-6868.61
0.106,6868.5,-6868.5
0.106,6868.82,-6868.82
0.107,6868.15,-6868.15
0.107,6868.37,-6868.37
0.107,6868.81,-6868.81
0.108,6868.47,-6868.47
0.108,6868.63,-6868.63
0.108,6812.44,-6812.44
0.109,6867.91,-6867.91
0.109,6867.72,-6867.72
0.109,6812.94,-6812.94
0.11,6867.58,-6867.58
0.11,6867.68,-6867.68
0.11,6812.2,-6812.2
0.111,6868.22,-6868.22
0.111,6867.97,-6867.97
0.111,6812.63,-6812.63
0.112,6867.68,-6867.68
0.112,6868.8,-6868.8
0.112,6813.38,-6813.38
0.113,6868.95,-6868.95
0.113,6869.23,-6869.23
0.113,6813.44,-6813.44
0.114,6868.68,-6868.68
0.114,6868.61,-6868.61
0.114,6813.47,-6813.47
0.115,6868.71,-6868.71
0.115,6869.0,-6869.0
0.115,6813.3,-6813.3
0.116,6868.85,-6868.85
0.116,6869.21,-6869.21
0.116,6813.32,-6813.32
0.117,6869.21,-6869.21
0.117,6868.78,-6868.78
0.117,6812.19,-6812.19
0.118,6867.73,-6867.73
0.118,6868.94,-6868.94
0.118,6813.11,-6813.11
0.119,6868.54,-6868.54
0.119,1059.06,-1059.06
0.119,318.05,-318.05
0.12,189.63,-189.63
0.12,250.63,-250.63
0.12,170.28,-170.28
0.121,1046.99,-1046.99
0.121,6812.92,-6812.92
0.121,6868.27,-6868.27
0.122,6868.04,-6868.04
0.122,6813.14,-6813.14
0.122,6868.29,-6868.29
0.123,6868.56,-6868.56
0.123,6812.96,-6812.96
0.123,6296.93,-6296.93
0.124,6868.25,-6868.25
0.124,6868.4,-6868.4
0.124,6812.58,-6812.58
0.125,6867.79,-6867.79
0.125,6868.25,-6868.25
0.125,6812.53,-6812.53
0.126,6867.65,-6867.65
0.126,6868.21,-6868.21
0.126,6812.36,-6812.36
0.127,6867.93,-6867.93
0.127,6868.28,-6868.28
0.127,6813.2,-6813.2
0.128,6868.64,-6868.64
0.128,6868.15,-6868.15
0.128,6812.99,-6812.99
0.129,6868.68,-6868.68
0.129,3261.72,-3261.72
0.129,6868.73,-6868.73
0.13,6868.97,-6868.97
0.13,6869.12,-6869.12
0.13,4209.77,-4209.77
0.131,6869.31,-6869.31
0.131,6869.31,-6869.31
0.131,6869.23,-6869.23
0.132,6813.61,-6813.61
0.132,6868.92,-6868.92
0.132,6869.77,-6869.77
0.133,6813.83,-6813.83
0.133,6868.9,-6868.9
0.133,6868.69,-6868.69
0.134,6813.06,-6813.06
0.134,6868.35,-6868.35
0.134,6868.9,-6868.9
0.135,6813.2,-6813.2
0.135,6869.33,-6869.33
0.135,6868.87,-6868.87
0.136,6813.58,-6813.58
0.136,6868.67,-6868.67
0.136,6868.78,-6868.78
0.137,6813.63,-6813.63
0.137,6869.57,-6869.57
0.137,6869.42,-6869.42
0.138,6813.42,-6813.42
0.138,6868.97,-6868.97
0.138,6869.41,-6869.41
0.139,6813.52,-6813.52
0.139,6869.02,-6869.02
0.139,3420.07,-3420.07
0.14,6868.71,-6868.71
0.14,6868.94,-6868.94
0.14,6868.64,-6868.64
0.141,6869.09,-6869.09
0.141,6868.3,-6868.3
0.141,6812.63,-6812.63
0.142,6868.88,-6868.88
0.142,6869.26,-6869.26
0.142,6813.16,-6813.16
0.143,6868.74,-6868.74
0.143,6869.12,-6869.12
0.143,6813.15,-6813.15
0.144,6868.8,-6868.8
0.144,6868.46,-6868.46
0.144,6813.01,-6813.01
0.145,6868.9,-6868.9
0.145,2540.93,-2540.93
0.145,6868.56,-6868.56
0.146,6813.35,-6813.35
0.146,6869.5,-6869.5
0.146,6869.4,-6869.4
0.147,6813.92,-6813.92
0.147,6868.95,-6868.95
0.147,6868.75,-6868.75
0.148,6813.01,-6813.01
0.148,6868.75,-6868.75
0.148,6869.23,-6869.23
0.149,6813.37,-6813.37
0.149,6868.75,-6868.75
0.149,6868.56,-6868.56
0.15,6813.3,-6813.3
0.15,6868.66,-6868.66
0.15,6869.09,-6869.09
0.151,6813.66,-6813.66
0.151,6868.21,-6868.21
0.151,6868.18,-6868.18
0.152,679.6,-679.6
0.152,6868.76,-6868.76
0.152,6868.2,-6868.2
0.153,6813.27,-6813.27
0.153,6869.02,-6869.02
0.153,6868.59,-6868.59
0.154,6813.37,-6813.37
0.154,6868.52,-6868.52
0.154,6868.15,-6868.15
0.155,4482.61,-4482.61
0.155,6869.0,-6869.0
0.155,6869.12,-6869.12
0.156,6813.47,-6813.47
0.156,6868.65,-6868.65
0.156,6868.95,-6868.95
0.157,6813.92,-6813.92
0.157,6869.24,-6869.24
0.157,6869.14,-6869.14
0.158,6813.71,-6813.71
0.158,6868.71,-6868.71
0.158,103.98,-103.98
0.159,426.67,-426.67
0.159,346.74,-346.74
0.159,404.05,-404.05
0.16,1095.59,-1095.59
0.16,6868.88,-6868.88
0.16,6868.69,-6868.69
0.161,6868.71,-6868.71
0.161,6813.16,-6813.16
0.161,6869.01,-6869.01
0.162,6868.8,-6868.8
0.162,3218.73,-3218.73
0.162,6869.69,-6869.69
0.163,6813.92,-6813.92
0.163,6869.57,-6869.57
0.163,6869.33,-6869.33
0.164,2806.65,-2806.65
0.164,6869.28,-6869.28
0.164,6813.97,-6813.97
0.165,6868.51,-6868.51
0.165,6292.98,-6292.98
0.165,6868.22,-6868.22
0.166,6867.96,-6867.96
0.166,6868.04,-6868.04
0.166,6868.13,-6868.13
0.167,6868.28,-6868.28
0.167,6869.04,-6869.04
0.167,6813.16,-6813.16
0.168,6003.19,-6003.19
0.168,6868.42,-6868.42
0.168,6868.51,-6868.51
0.169,6812.77,-6812.77
0.169,6868.22,-6868.22
0.169,6868.22,-6868.22
0.17,6812.75,-6812.75
0.17,6868.35,-6868.35
0.17,6868.63,-6868.63
0.171,6813.61,-6813.61
0.171,6868.98,-6868.98
0.171,6868.75,-6868.75
0.172,6813.27,-6813.27
0.172,6868.74,-6868.74
0.172,6868.64,-6868.64
0.173,6813.76,-6813.76
0.173,6869.41,-6869.41
0.173,6868.83,-6868.83
0.174,6813.32,-6813.32
0.174,6868.49,-6868.49
0.174,6869.21,-6869.21
0.175,6813.15,-6813.15
0.175,6868.47,-6868.47
0.175,6868.73,-6868.73
0.176,6813.18,-6813.18
0.176,6868.49,-6868.49
0.176,6868.89,-6868.89
0.177,6813.45,-6813.45
0.177,6869.14,-6869.14
0.177,6869.02,-6869.02
0.178,6813.61,-6813.61
0.178,6868.85,-6868.85
0.178,6868.58,-6868.58
0.179,6813.68,-6813.68
0.179,6868.35,-6868.35
0.179,6868.75,-6868.75
0.18,6813.34,-6813.34
0.18,6868.92,-6868.92
0.18,6869.24,-6869.24
0.181,6813.94,-6813.94
0.181,6869.21,-6869.21
0.181,6868.69,-6868.69
0.182,6813.27,-6813.27
0.182,6869.09,-6869.09
0.182,1609.33,-1609.33
0.183,6868.33,-6868.33
0.183,6868.35,-6868.35
0.183,6813.13,-6813.13
0.184,4321.9,-4321.9
0.184,6868.76,-6868.76
0.184,6868.87,-6868.87
0.185,6868.73,-6868.73
0.185,6813.16,-6813.16
0.185,6868.64,-6868.64
0.186,6868.83,-6868.83
0.186,6813.42,-6813.42
0.186,6869.11,-6869.11
0.187,6868.76,-6868.76
0.187,6813.23,-6813.23
0.187,6868.85,-6868.85
0.188,6868.52,-6868.52
0.188,6813.31,-6813.31
0.188,6868.52,-6868.52
0.189,1331.92,-1331.92
0.189,6868.16,-6868.16
0.189,6812.72,-6812.72
0.19,6868.09,-6868.09
0.19,2499.17,-2499.17
0.19,6867.96,-6867.96
0.191,6867.92,-6867.92
0.191,6868.11,-6868.11
0.191,6867.75,-6867.75
0.192,6868.04,-6868.04
0.192,6868.46,-6868.46
0.192,6867.96,-6867.96
0.193,6867.63,-6867.63
0.193,6867.94,-6867.94
0.193,6867.92,-6867.92
0.194,6868.04,-6868.04
0.194,6867.73,-6867.73
0.194,6867.89,-6867.89
0.195,6867.99,-6867.99
0.195,95.25,-95.25
0.195,537.56,-537.56
0.196,455.37,-455.37
0.196,573.65,-573.65
0.196,6812.27,-6812.27
0.197,6867.96,-6867.96
0.197,6868.25,-6868.25
0.197,6813.11,-6813.11
0.198,6867.96,-6867.96
0.198,6868.16,-6868.16
0.198,4183.85,-4183.85
0.199,6812.77,-6812.77
0.199,6868.09,-6868.09
0.199,6868.59,-6868.59
0.2,6812.6,-6812.6
0.2,6868.15,-6868.15
0.2,6868.21,-6868.21
0.201,6812.37,-6812.37
0.201,6868.83,-6868.83
0.201,6868.68,-6868.68
0.202,6813.44,-6813.44
0.202,6868.63,-6868.63
0.202,6868.56,-6868.56
0.203,6813.32,-6813.32
0.203,6868.88,-6868.88
0.203,6868.97,-6868.97
0.204,6813.3,-6813.3
0.204,6868.54,-6868.54
0.204,6868.29,-6868.29
0.205,6813.01,-6813.01
0.205,6868.39,-6868.39
0.205,6868.45,-6868.45
0.206,6812.78,-6812.78
0.206,6868.63,-6868.63
0.206,6868.9,-6868.9
0.207,6813.03,-6813.03
0.207,6869.07,-6869.07
0.207,6868.78,-6868.78
0.208,6813.16,-6813.16
0.208,6868.92,-6868.92
0.208,1797.63,-1797.63
0.209,6868.23,-6868.23
0.209,6868.16,-6868.16
0.209,6812.91,-6812.91
0.21,6868.33,-6868.33
0.21,6868.06,-6868.06
0.21,6812.65,-6812.65
0.211,1735.46,-1735.46
0.211,6812.7,-6812.7
0.211,6868.15,-6868.15
0.212,6867.79,-6867.79
0.212,6812.46,-6812.46
0.212,6867.84,-6867.84
0.213,6868.2,-6868.2
0.213,6813.35,-6813.35
0.213,6868.32,-6868.32
0.214,6868.33,-6868.33
0.214,6813.25,-6813.25
0.214,6868.95,-6868.95
0.215,6868.97,-6868.97
0.215,2432.56,-2432.56
0.215,6868.02,-6868.02
0.216,6867.97,-6867.97
0.216,6868.15,-6868.15
0.216,6868.76,-6868.76
0.217,6868.76,-6868.76
0.217,6868.56,-6868.56
0.217,6869.04,-6869.04
0.218,6869.42,-6869.42
0.218,6868.97,-6868.97
0.218,6869.4,-6869.4
0.219,5238.66,-5238.66
0.219,6869.12,-6869.12
0.219,6868.35,-6868.35
0.22,6868.23,-6868.23
0.22,6813.34,-6813.34
0.22,6868.61,-6868.61
0.221,6868.2,-6868.2
0.221,6812.99,-6812.99
0.221,6868.01,-6868.01
0.222,6868.59,-6868.59
0.222,6812.6,-6812.6
0.222,6868.13,-6868.13
0.223,6869.12,-6869.12
0.223,6813.2,-6813.2
0.223,1749.08,-1749.08
0.224,6868.36,-6868.36
0.224,6867.67,-6867.67
0.224,6867.39,-6867.39
0.225,6812.55,-6812.55
0.225,6867.97,-6867.97
0.225,6867.44,-6867.44
0.226,6812.24,-6812.24
0.226,6868.04,-6868.04
0.226,6868.11,-6868.11
0.227,6812.56,-6812.56
0.227,6867.91,-6867.91
0.227,6867.58,-6867.58
0.228,6812.19,-6812.19
0.228,6868.25,-6868.25
0.228,6868.21,-6868.21
0.229,6812.37,-6812.37
0.229,5599.04,-5599.04
0.229,1550.87,-1550.87
0.23,329.38,-329.38
0.23,246.09,-246.09
0.23,6812.84,-6812.84
0.231,6867.62,-6867.62
0.231,6867.97,-6867.97
0.231,6812.99,-6812.99
0.232,6868.56,-6868.56
0.232,1673.87,-1673.87
0.232,6868.23,-6868.23
0.233,6868.25,-6868.25
0.233,6868.25,-6868.25
0.233,6868.02,-6868.02
0.234,6868.18,-6868.18
0.234,6867.99,-6867.99
0.234,6869.37,-6869.37
0.235,6868.8,-6868.8
0.235,6813.44,-6813.44
0.235,6869.35,-6869.35
0.236,2885.38,-2885.38
0.236,6813.27,-6813.27
0.236,6869.05,-6869.05
0.237,6867.94,-6867.94
0.237,6812.7,-6812.7
0.237,6868.76,-6868.76
0.238,6868.27,-6868.27
0.238,6813.11,-6813.11
0.238,6868.39,-6868.39
0.239,6868.88,-6868.88
0.239,6813.13,-6813.13
0.239,6868.33,-6868.33
0.24,6868.46,-6868.46
0.24,6813.03,-6813.03
0.24,6868.04,-6868.04
0.241,6868.44,-6868.44
0.241,6813.2,-6813.2
0.241,6868.74,-6868.74
0.242,6868.87,-6868.87
0.242,6813.7,-6813.7
0.242,6868.76,-6868.76
0.243,6869.12,-6869.12
0.243,6812.91,-6812.91
0.243,6868.8,-6868.8
0.244,2907.2,-2907.2
0.244,6813.42,-6813.42
0.244,6869.19,-6869.19
0.245,6868.66,-6868.66
0.245,6813.47,-6813.47
0.245,6868.06,-6868.06
0.246,6868.23,-6868.23
0.246,6812.41,-6812.41
0.246,6867.89,-6867.89
0.247,6868.4,-6868.4
0.247,6813.42,-6813.42
0.247,6867.85,-6867.85
0.248,6868.03,-6868.03
0.248,6812.63,-6812.63
0.248,6868.27,-6868.27
0.249,6868.25,-6868.25
0.249,6812.87,-6812.87
0.249,6868.94,-6868.94
0.25,6868.57,-6868.57
0.25,6812.91,-6812.91
0.25,6867.73,-6867.73
0.251,6868.3,-6868.3
0.251,6813.04,-6813.04
0.251,6868.38,-6868.38
0.252,6868.92,-6868.92
0.252,6813.47,-6813.47
0.252,6869.28,-6869.28
0.253,6868.72,-6868.72
0.253,6813.21,-6813.21
0.253,6868.38,-6868.38
0.254,6867.7,-6867.7
0.254,6812.75,-6812.75
0.254,6868.08,-6868.08
0.255,6868.37,-6868.37
0.255,6813.04,-6813.04
0.255,6868.51,-6868.51
0.256,1922.72,-1922.72
0.256,6868.81,-6868.81
0.256,6868.45,-6868.45
0.257,6868.54,-6868.54
0.257,6812.73,-6812.73
0.257,6868.15,-6868.15
0.258,6868.4,-6868.4
0.258,6813.23,-6813.23
0.258,6869.34,-6869.34
0.259,6868.52,-6868.52
0.259,6813.64,-6813.64
0.259,1224.99,-1224.99
0.26,6868.8,-6868.8
0.26,6868.66,-6868.66
0.26,6868.3,-6868.3
0.261,6868.4,-6868.4
0.261,6868.4,-6868.4
0.261,3634.44,-3634.44
0.262,375.69,-375.69
0.262,495.34,-495.34
0.262,388.17,-388.17
0.263,6812.62,-6812.62
0.263,6868.56,-6868.56
0.263,6867.85,-6867.85
0.264,6812.5,-6812.5
0.264,1921.67,-1921.67
0.264,6868.06,-6868.06
0.265,6867.58,-6867.58
0.265,6867.72,-6867.72
0.265,6867.68,-6867.68
0.266,6867.51,-6867.51
0.266,6868.1,-6868.1
0.266,6867.75,-6867.75
0.267,6867.86,-6867.86
0.267,6868.01,-6868.01
0.267,6867.5,-6867.5
0.268,6867.32,-6867.32
0.268,6868.23,-6868.23
0.268,6812.66,-6812.66
0.269,6867.72,-6867.72
0.269,6868.06,-6868.06
0.269,6812.63,-6812.63
0.27,6868.45,-6868.45
0.27,6868.65,-6868.65
0.27,6812.96,-6812.96
0.271,6868.49,-6868.49
0.271,6868.83,-6868.83
0.271,6813.15,-6813.15
0.272,6868.54,-6868.54
0.272,6868.73,-6868.73
0.272,6813.78,-6813.78
0.273,6868.92,-6868.92
0.273,6869.0,-6869.0
0.273,6813.73,-6813.73
0.274,6869.23,-6869.23
0.274,6868.13,-6868.13
0.274,6812.89,-6812.89
0.275,6868.21,-6868.21
0.275,6867.94,-6867.94
0.275,6813.02,-6813.02
0.276,6869.04,-6869.04
0.276,6868.95,-6868.95
0.276,6813.63,-6813.63
0.277,6869.21,-6869.21
0.277,6868.97,-6868.97
0.277,6813.44,-6813.44
0.278,1034.88,-1034.88
0.278,6868.88,-6868.88
0.278,6868.69,-6868.69
0.279,6868.76,-6868.76
0.279,6812.5,-6812.5
0.279,6868.11,-6868.11
0.28,6868.35,-6868.35
0.28,6812.27,-6812.27
0.28,6868.09,-6868.09
0.281,6867.89,-6867.89
0.281,6812.49,-6812.49
0.281,6868.3,-6868.3
0.282,528.79,-528.79
0.282,6868.08,-6868.08
0.282,576.96,-576.96
0.283,6868.16,-6868.16
0.283,6867.77,-6867.77
0.283,6812.39,-6812.39
0.284,6868.18,-6868.18
0.284,6867.96,-6867.96
0.284,6812.7,-6812.7
0.285,6868.04,-6868.04
0.285,6868.37,-6868.37
0.285,6812.65,-6812.65
0.286,6868.04,-6868.04
0.286,6868.06,-6868.06
0.286,6812.41,-6812.41
0.287,6867.84,-6867.84
0.287,3858.8,-3858.8
0.287,6812.24,-6812.24
0.288,6868.13,-6868.13
0.288,6867.55,-6867.55
0.288,6812.72,-6812.72
0.289,6867.75,-6867.75
0.289,6867.72,-6867.72
0.289,6812.41,-6812.41
0.29,6867.72,-6867.72
0.29,6868.03,-6868.03
0.29,6812.63,-6812.63
0.291,6868.1,-6868.1
0.291,6867.75,-6867.75
0.291,752.87,-752.87
0.292,6867.8,-6867.8
0.292,283.8,-283.8
0.292,6868.33,-6868.33
0.293,709.8,-709.8
0.293,1855.06,-1855.06
0.293,1411.62,-1411.62
0.294,6868.36,-6868.36
0.294,6867.97,-6867.97
0.294,6868.06,-6868.06
0.295,6868.13,-6868.13
0.295,6868.36,-6868.36
0.295,6868.02,-6868.02
0.296,6867.99,-6867.99
0.296,560.44,-560.44
0.296,6812.29,-6812.29
0.297,308.77,-308.77
0.297,6868.06,-6868.06
0.297,6867.65,-6867.65
0.298,6812.68,-6812.68
0.298,6867.84,-6867.84
0.298,6867.97,-6867.97
0.299,6812.87,-6812.87
0.299,6868.97,-6868.97
0.299,342.4,-342.4
