Settle time,Distance
0,96.06
0.001,75.33
0.002,79.82
0.003,96.02
0.004,95.97
0.005,96.09
0.006,96.07
0.007,96.02
0.008,96.08
0.009,96.06
0.01,96.11
0.011,96.04
0.012,96.04
0.013,96.04
0.014,96.09
0.015,96.06
0.016,96.08
0.017,96.02
0.018,96.06
0.019,96.04
0.02,96.06
0.021,96.02
0.022,96.06
0.023,96.08
0.024,96.06
0.025,96.04
0.026,96.02
0.027,96.06
0.028,96.08
0.029,96.02
0.03,96.09
0.031,96.07
0.032,96.02
0.033,96.04
0.034,96.0
0.035,96.02
0.036,96.09
0.037,95.97
0.038,96.11
0.039,96.0
0.04,96.13
0.041,95.99
0.042,74.23
0.043,96.04
0.044,96.02
0.045,96.11
0.046,96.11
0.047,96.04
0.048,96.11
0.049,96.08
0.05,96.09
0.051,96.01
0.052,95.65
0.053,95.99
0.054,96.38
0.055,95.97
0.056,96.09
0.057,96.09
0.058,96.06
0.059,96.02
0.06,96.15
0.061,96.09
0.062,96.02
0.063,96.11
0.064,96.09
0.065,96.15
0.066,96.07
0.067,96.08
0.068,96.08
0.069,96.16
0.07,96.04
0.071,96.09
0.072,96.06
0.073,96.02
0.074,96.15
0.075,96.11
0.076,95.95
0.077,96.02
0.078,96.11
0.079,96.13
0.08,96.09
0.081,96.01
0.082,96.08
0.083,96.06
0.084,96.06
0.085,96.09
0.086,95.99
0.087,96.06
0.088,96.01
0.089,96.07
0.09,96.06
0.091,96.06
0.092,96.0
0.093,96.02
0.094,96.06
0.095,96.04
0.096,95.99
0.097,96.02
0.098,96.09
0.099,96.11
0.1,96.06
0.101,96.04
0.102,95.99
0.103,95.99
0.104,96.06
0.105,96.01
0.106,96.04
0.107,96.01
0.108,96.02
0.109,96.06
0.11,96.08
0.111,96.06
0.112,95.99
0.113,96.08
0.114,96.06
0.115,95.97
0.116,96.01
0.117,96.09
0.118,96.08
0.119,96.02
0.12,96.01
0.121,96.07
0.122,96.08
0.123,96.02
0.124,96.16
0.125,96.07
0.126,95.97
0.127,96.06
0.128,96.04
0.129,96.11
0.13,96.07
0.131,96.15
0.132,95.95
0.133,96.02
0.134,96.02
0.135,97.43
0.136,96.09
0.137,96.15
0.138,96.01
0.139,96.02
0.14,96.08
0.141,96.09
0.142,95.97
0.143,96.11
0.144,96.07
0.145,96.09
0.146,96.08
0.147,96.08
0.148,95.99
0.149,95.99
0.15,96.04
0.151,96.09
0.152,96.06
0.153,96.06
0.154,96.01
0.155,95.99
0.156,96.06
0.157,96.07
0.158,96.07
0.159,96.06
0.16,96.04
0.161,95.99
0.162,96.04
0.163,96.07
0.164,96.06
0.165,96.04
0.166,95.99
0.167,96.01
0.168,96.06
0.169,96.11
0.17,95.51
0.171,96.08
0.172,96.06
0.173,96.09
0.174,96.06
0.175,96.11
0.176,96.14
0.177,96.02
0.178,96.04
0.179,96.09
0.18,96.07
0.181,95.99
0.182,95.97
0.183,95.99
0.184,96.13
0.185,96.08
0.186,96.08
0.187,96.0
0.188,96.08
0.189,96.04
0.19,96.06
0.191,96.06
0.192,95.99
0.193,96.04
0.194,96.02
0.195,95.99
0.196,96.11
0.197,96.04
0.198,96.02
0.199,96.06
0.2,96.06
0.201,96.09
0.202,96.07
0.203,96.09
0.204,96.11
0.205,96.09
0.206,96.04
0.207,95.99
0.208,96.04
0.209,96.09
0.21,96.66
0.211,96.01
0.212,96.09
0.213,96.11
0.214,96.09
0.215,96.09
0.216,96.02
0.217,96.02
0.218,95.99
0.219,96.08
0.22,96.14
0.221,96.09
0.222,95.99
0.223,96.02
0.224,96.01
0.225,96.07
0.226,96.04
0.227,96.11
0.228,96.06
0.229,96.07
0.23,96.04
0.231,96.02
0.232,96.02
0.233,96.02
0.234,96.04
0.235,96.07
0.236,96.13
0.237,96.11
0.238,96.04
0.239,96.0
0.24,96.18
0.241,96.06
0.242,96.0
0.243,96.02
0.244,95.97
0.245,96.07
0.246,96.14
0.247,96.02
0.248,96.09
0.249,95.99
0.25,95.97
0.251,96.04
0.252,96.07
0.253,96.04
0.254,95.97
0.255,96.01
0.256,96.11
0.257,96.09
0.258,96.08
0.259,96.06
0.26,95.95
0.261,96.01
0.262,96.09
0.263,96.0
0.264,96.02
0.265,96.02
0.266,96.13
0.267,96.01
0.268,96.04
0.269,96.06
0.27,96.09
0.271,96.07
0.272,96.02
0.273,96.02
0.274,96.04
0.275,95.99
0.276,96.04
0.277,96.02
0.278,95.99
0.279,96.09
0.28,96.13
0.281,96.11
0.282,95.99
0.283,96.02
0.284,96.04
0.285,96.06
0.286,96.11
0.287,96.08
0.288,96.13
0.289,96.06
0.29,96.06
0.291,96.14
0.292,96.06
0.293,96.06
0.294,96.07
0.295,96.04
0.296,95.97
0.297,96.09
0.298,96.11
0.299,96.01
0.3,96.0
0.301,96.08
0.302,96.16
0.303,95.97
0.304,95.97
0.305,96.42
0.306,96.02
0.307,96.16
0.308,95.99
0.309,95.99
0.31,96.04
0.311,96.02
0.312,96.13
0.313,96.04
0.314,96.14
0.315,96.01
0.316,96.06
0.317,96.74
0.318,95.95
0.319,96.02
0.32,96.09
0.321,96.02
0.322,96.02
0.323,96.09
0.324,95.97
0.325,96.07
0.326,96.06
0.327,96.0
0.328,95.97
0.329,96.06
0.33,96.06
0.331,96.06
0.332,96.13
0.333,96.02
0.334,96.08
0.335,96.11
0.336,96.13
0.337,96.16
0.338,96.09
0.339,96.15
0.34,96.09
0.341,96.04
0.342,96.02
0.343,96.11
0.344,96.13
0.345,96.07
0.346,96.08
0.347,96.06
0.348,96.09
0.349,96.09
0.35,96.09
0.351,96.13
0.352,96.06
0.353,96.09
0.354,96.04
0.355,96.0
0.356,96.06
0.357,96.08
0.358,96.06
0.359,96.01
0.36,96.01
0.361,96.13
0.362,96.09
0.363,96.14
0.364,96.13
0.365,95.99
0.366,96.07
0.367,95.99
0.368,95.99
0.369,96.02
0.37,96.04
0.371,96.06
0.372,96.78
0.373,96.08
0.374,96.07
0.375,96.02
0.376,96.02
0.377,95.96
0.378,96.04
0.379,96.15
0.38,96.02
0.381,96.02
0.382,96.01
0.383,95.99
0.384,96.01
0.385,96.08
0.386,96.06
0.387,96.04
0.388,96.02
0.389,96.0
0.39,96.13
0.391,96.02
0.392,96.04
0.393,96.07
0.394,96.08
0.395,96.01
0.396,96.04
0.397,96.04
0.398,95.99
0.399,95.97
0.4,96.04
0.401,96.04
0.402,96.0
0.403,96.13
0.404,96.08
0.405,96.21
0.406,96.02
0.407,96.02
0.408,96.06
0.409,96.08
0.41,96.02
0.411,96.06
0.412,96.02
0.413,95.97
0.414,96.04
0.415,96.0
0.416,96.09
0.417,96.16
0.418,96.13
0.419,96.02
0.42,95.99
0.421,96.02
0.422,96.04
0.423,96.11
0.424,96.11
0.425,96.09
0.426,96.11
0.427,96.06
0.428,96.11
0.429,96.04
0.43,96.13
0.431,96.13
0.432,95.99
0.433,96.06
0.434,96.08
0.435,96.06
0.436,96.08
0.437,95.99
0.438,96.06
0.439,96.04
0.44,96.06
0.441,95.99
0.442,96.11
0.443,96.11
0.444,96.06
0.445,96.04
0.446,96.06
0.447,96.04
0.448,96.06
0.449,96.04
0.45,96.04
0.451,95.95
0.452,96.55
0.453,96.01
0.454,96.08
0.455,96.02
0.456,96.02
0.457,96.14
0.458,96.08
0.459,96.04
0.46,95.95
0.461,96.08
0.462,96.16
0.463,96.0
0.464,95.63
0.465,96.01
0.466,96.02
0.467,96.07
0.468,96.14
0.469,96.04
0.47,96.09
0.471,96.06
0.472,96.02
0.473,96.16
0.474,96.07
0.475,96.06
0.476,96.06
0.477,96.08
0.478,96.02
0.479,96.08
0.48,96.04
0.481,96.02
0.482,96.04
0.483,96.11
0.484,96.08
0.485,96.02
0.486,96.02
0.487,96.01
0.488,96.09
0.489,95.97
0.49,95.99
0.491,96.02
0.492,96.13
0.493,96.09
0.494,96.04
0.495,96.08
0.496,96.11
0.497,96.08
0.498,96.11
0.499,96.07
0.5,96.09
0.501,96.16
0.502,96.01
0.503,96.02
0.504,96.04
0.505,96.13
0.506,96.13
0.507,96.06
0.508,96.11
0.509,96.06
0.51,96.09
0.511,96.07
0.512,96.08
0.513,96.11
0.514,96.06
0.515,96.09
0.516,96.08
0.517,96.02
0.518,96.08
0.519,96.11
0.52,96.06
0.521,95.99
0.522,96.02
0.523,96.13
0.524,96.04
0.525,96.07
0.526,96.14
0.527,96.07
0.528,96.02
0.529,96.06
0.53,96.13
0.531,97.34
0.532,96.01
0.533,95.88
0.534,96.04
0.535,96.16
0.536,96.14
0.537,96.04
0.538,96.04
0.539,96.07
0.54,96.04
0.541,96.04
0.542,96.02
0.543,96.04
0.544,96.02
0.545,96.01
0.546,96.08
0.547,96.09
0.548,96.02
0.549,96.06
0.55,96.02
0.551,96.04
0.552,96.06
0.553,95.99
0.554,96.11
0.555,96.01
0.556,96.78
0.557,96.02
0.558,96.02
0.559,95.99
0.56,96.13
0.561,96.09
0.562,96.06
0.563,96.0
0.564,96.08
0.565,96.11
0.566,96.13
0.567,96.07
0.568,96.16
0.569,95.99
0.57,96.01
0.571,95.97
0.572,95.99
0.573,96.09
0.574,96.79
0.575,96.01
0.576,96.08
0.577,96.06
0.578,96.06
0.579,96.16
0.58,96.04
0.581,95.99
0.582,95.99
0.583,96.04
0.584,96.04
0.585,95.85
0.586,96.09
0.587,96.08
0.588,96.07
0.589,96.02
0.59,96.06
0.591,96.07
0.592,95.99
0.593,96.16
0.594,96.02
0.595,96.02
0.596,96.01
0.597,96.08
0.598,96.8
0.599,96.07
0.6,96.04
0.601,95.99
0.602,96.04
0.603,96.06
0.604,96.06
0.605,96.04
0.606,96.08
0.607,96.02
0.608,96.06
0.609,96.04
0.61,96.04
0.611,96.13
0.612,96.01
0.613,96.04
0.614,96.02
0.615,96.09
0.616,96.07
0.617,96.09
0.618,96.04
0.619,96.0
0.62,96.04
0.621,96.81
0.622,95.95
0.623,96.07
0.624,96.09
0.625,96.04
0.626,95.99
0.627,96.09
0.628,96.06
0.629,96.09
0.63,96.04
0.631,96.04
0.632,96.09
0.633,96.15
0.634,95.99
0.635,96.06
0.636,96.11
0.637,96.07
0.638,96.09
0.639,96.02
0.64,96.01
0.641,96.06
0.642,96.06
0.643,96.02
0.644,96.02
0.645,96.08
0.646,96.09
0.647,96.09
0.648,96.06
0.649,96.07
0.65,96.01
0.651,96.04
0.652,96.06
0.653,96.06
0.654,96.18
0.655,96.02
0.656,96.04
0.657,96.06
0.658,96.04
0.659,96.02
0.66,96.09
0.661,96.09
0.662,96.09
0.663,96.04
0.664,96.01
0.665,96.08
0.666,96.06
0.667,96.04
0.668,96.01
0.669,96.04
0.67,96.02
0.671,95.99
0.672,96.02
0.673,96.78
0.674,96.08
0.675,96.06
0.676,96.04
0.677,96.02
0.678,96.02
0.679,96.09
0.68,96.04
0.681,96.06
0.682,96.71
0.683,96.09
0.684,96.06
0.685,95.97
0.686,96.04
0.687,95.99
0.688,96.06
0.689,96.01
0.69,96.04
0.691,96.06
0.692,96.14
0.693,96.83
0.694,96.09
0.695,96.4
0.696,96.04
0.697,96.16
0.698,96.01
0.699,96.74
0.7,96.09
0.701,96.15
0.702,96.16
0.703,96.14
0.704,96.04
0.705,96.04
0.706,95.17
0.707,96.04
0.708,96.02
0.709,96.08
0.71,95.99
0.711,96.04
0.712,96.02
0.713,96.04
0.714,96.02
0.715,96.06
0.716,96.08
0.717,96.25
0.718,96.02
0.719,96.02
0.72,96.04
0.721,96.01
0.722,96.13
0.723,96.06
0.724,96.11
0.725,96.04
0.726,96.06
0.727,96.11
0.728,96.09
0.729,96.06
0.73,96.09
0.731,96.11
0.732,96.01
0.733,96.01
0.734,95.99
0.735,96.13
0.736,96.13
0.737,96.0
0.738,96.11
0.739,96.11
0.74,96.14
0.741,96.09
0.742,95.95
0.743,96.08
0.744,95.97
0.745,96.06
0.746,95.99
0.747,96.09
0.748,96.06
0.749,96.06
0.75,96.02
0.751,96.15
0.752,96.02
0.753,96.01
0.754,96.0
0.755,96.08
0.756,96.06
0.757,96.06
0.758,96.06
0.759,96.01
0.76,96.02
0.761,96.08
0.762,95.97
0.763,96.06
0.764,96.01
0.765,96.02
0.766,95.97
0.767,96.02
0.768,96.07
0.769,97.03
0.77,96.06
0.771,96.02
0.772,96.06
0.773,96.04
0.774,96.02
0.775,96.06
0.776,96.07
0.777,96.04
0.778,96.09
0.779,96.13
0.78,96.02
0.781,96.01
0.782,95.99
0.783,96.06
0.784,96.11
0.785,96.59
0.786,95.95
0.787,95.99
0.788,96.02
0.789,96.06
0.79,96.06
0.791,96.14
0.792,96.14
0.793,96.09
0.794,96.02
0.795,96.04
0.796,96.11
0.797,96.73
0.798,96.04
0.799,96.01
0.8,96.06
0.801,96.02
0.802,96.01
0.803,96.18
0.804,96.02
0.805,96.06
0.806,96.08
0.807,96.06
0.808,95.97
0.809,96.02
0.81,96.02
0.811,96.04
0.812,96.02
0.813,96.09
0.814,96.04
0.815,96.02
0.816,96.06
0.817,96.04
0.818,96.06
0.819,96.06
0.82,96.06
0.821,96.11
0.822,96.07
0.823,96.07
0.824,95.99
0.825,96.06
0.826,96.08
0.827,96.07
0.828,96.09
0.829,96.09
0.83,96.02
0.831,96.14
0.832,96.02
0.833,96.11
0.834,96.06
0.835,96.07
0.836,96.09
0.837,96.06
0.838,96.01
0.839,96.04
0.84,96.08
0.841,96.85
0.842,96.11
0.843,95.99
0.844,96.09
0.845,96.09
0.846,96.09
0.847,96.02
0.848,96.06
0.849,96.02
0.85,96.14
0.851,95.97
0.852,96.06
0.853,96.02
0.854,96.08
0.855,96.07
0.856,96.13
0.857,96.07
0.858,95.97
0.859,96.06
0.86,96.83
0.861,96.06
0.862,96.83
0.863,96.01
0.864,96.15
0.865,96.04
0.866,96.02
0.867,96.02
0.868,96.02
0.869,96.04
0.87,96.04
0.871,95.99
0.872,96.13
0.873,96.04
0.874,96.06
0.875,96.11
0.876,96.0
0.877,96.04
0.878,96.01
0.879,96.04
0.88,96.01
0.881,96.09
0.882,96.02
0.883,96.02
0.884,96.16
0.885,96.06
0.886,95.99
0.887,96.15
0.888,96.06
0.889,96.04
0.89,96.09
0.891,96.06
