Settle time,Distance
0,96.13
0,94.68
0,0.83
0.001,102.07
0.001,82.25
0.001,95.92
0.002,65.87
0.002,95.32
0.002,68.1
0.003,79.32
0.003,64.52
0.003,78.96
0.004,96.06
0.004,96.09
0.004,96.11
0.005,96.04
0.005,96.04
0.005,96.04
0.006,96.01
0.006,96.04
0.006,96.04
0.007,96.04
0.007,96.06
0.007,96.02
0.008,96.11
0.008,96.02
0.008,96.04
0.009,96.13
0.009,96.13
0.009,96.01
0.01,96.06
0.01,96.02
0.01,96.06
0.011,96.04
0.011,96.02
0.011,96.02
0.012,96.06
0.012,96.04
0.012,96.06
0.013,96.76
0.013,96.09
0.013,96.09
0.014,96.04
0.014,96.04
0.014,96.06
0.015,96.06
0.015,96.04
0.015,96.08
0.016,96.04
0.016,96.04
0.016,96.07
0.017,96.06
0.017,96.14
0.017,96.11
0.018,96.06
0.018,96.04
0.018,96.01
0.019,96.06
0.019,96.11
0.019,96.09
0.02,96.02
0.02,96.06
0.02,96.02
0.021,96.06
0.021,96.14
0.021,96.07
0.022,95.99
0.022,96.09
0.022,96.0
0.023,96.0
0.023,96.01
0.023,96.08
0.024,96.02
0.024,96.15
0.024,96.06
0.025,96.09
0.025,96.08
0.025,96.04
0.026,96.09
0.026,96.13
0.026,96.0
0.027,96.06
0.027,96.08
0.027,96.06
0.028,96.04
0.028,96.14
0.028,96.01
0.029,95.95
0.029,96.09
0.029,96.09
0.03,96.01
0.03,96.01
0.03,96.06
0.031,96.08
0.031,96.13
0.031,96.13
0.032,96.09
0.032,96.07
0.032,96.11
0.033,96.04
0.033,96.04
0.033,96.04
0.034,96.09
0.034,96.35
0.034,96.01
0.035,95.95
0.035,96.09
0.035,96.02
0.036,96.02
0.036,96.09
0.036,90.81
0.037,96.08
0.037,96.09
0.037,96.09
0.038,95.99
0.038,96.09
0.038,96.16
0.039,96.11
0.039,96.06
0.039,96.06
0.04,65.43
0.04,96.04
0.04,96.02
0.041,96.06
0.041,96.06
0.041,96.06
0.042,96.09
0.042,95.99
0.042,96.06
0.043,96.0
0.043,96.09
0.043,95.99
0.044,96.04
0.044,96.02
0.044,96.0
0.045,96.17
0.045,96.04
0.045,96.07
0.046,96.06
0.046,96.09
0.046,96.14
0.047,96.02
0.047,96.04
0.047,96.02
0.048,96.02
0.048,96.02
0.048,96.02
0.049,96.0
0.049,95.95
0.049,96.11
0.05,96.09
0.05,96.06
0.05,96.04
0.051,96.02
0.051,96.06
0.051,96.04
0.052,95.99
0.052,96.01
0.052,96.08
0.053,96.0
0.053,96.11
0.053,95.49
0.054,96.04
0.054,96.02
0.054,96.15
0.055,96.0
0.055,96.01
0.055,96.07
0.056,96.04
0.056,96.09
0.056,96.07
0.057,96.01
0.057,96.06
0.057,96.07
0.058,96.02
0.058,96.08
0.058,96.08
0.059,95.79
0.059,96.09
0.059,96.04
0.06,96.08
0.06,96.18
0.06,96.06
0.061,96.11
0.061,95.99
0.061,96.08
0.062,96.14
0.062,95.99
0.062,96.01
0.063,96.06
0.063,96.0
0.063,96.59
0.064,96.08
0.064,96.04
0.064,96.07
0.065,96.11
0.065,96.04
0.065,96.02
0.066,96.09
0.066,96.04
0.066,96.04
0.067,96.02
0.067,96.11
0.067,96.09
0.068,96.02
0.068,96.04
0.068,96.02
0.069,96.15
0.069,96.11
0.069,96.06
0.07,96.06
0.07,96.06
0.07,96.01
0.071,96.06
0.071,96.07
0.071,96.07
0.072,96.0
0.072,96.01
0.072,96.08
0.073,96.07
0.073,96.01
0.073,96.09
0.074,96.14
0.074,96.11
0.074,96.02
0.075,96.04
0.075,96.06
0.075,96.09
0.076,96.11
0.076,95.99
0.076,96.13
0.077,96.02
0.077,96.01
0.077,96.04
0.078,96.11
0.078,95.57
0.078,95.25
0.079,96.04
0.079,96.04
0.079,96.04
0.08,96.13
0.08,96.13
0.08,96.04
0.081,96.14
0.081,96.08
0.081,96.04
0.082,96.0
0.082,96.11
0.082,96.08
0.083,95.99
0.083,96.02
0.083,96.11
0.084,96.08
0.084,96.02
0.084,95.99
0.085,96.13
0.085,96.06
0.085,96.04
0.086,96.02
0.086,95.97
0.086,96.01
0.087,96.71
0.087,96.09
0.087,96.11
0.088,96.09
0.088,96.11
0.088,95.95
0.089,96.07
0.089,96.11
0.089,96.04
0.09,96.11
0.09,96.11
0.09,96.07
0.091,96.01
0.091,96.01
0.091,96.04
0.092,96.11
0.092,95.97
0.092,96.07
0.093,96.02
0.093,96.04
0.093,96.11
0.094,96.06
0.094,96.11
0.094,96.07
0.095,96.02
0.095,96.06
0.095,96.06
0.096,96.06
0.096,96.06
0.096,96.04
0.097,96.09
0.097,96.04
0.097,96.11
0.098,96.01
0.098,96.13
0.098,96.06
0.099,96.02
0.099,96.02
0.099,96.01
0.1,96.02
0.1,96.01
0.1,96.11
0.101,96.08
0.101,96.09
0.101,96.01
0.102,96.09
0.102,96.13
0.102,96.06
0.103,96.09
0.103,96.07
0.103,96.06
0.104,96.04
0.104,96.06
0.104,96.08
0.105,96.09
0.105,96.13
0.105,95.99
0.106,96.07
0.106,96.0
0.106,96.06
0.107,96.02
0.107,96.02
0.107,96.08
0.108,96.06
0.108,96.04
0.108,96.01
0.109,96.09
0.109,96.11
0.109,96.08
0.11,96.01
0.11,96.07
0.11,95.99
0.111,96.06
0.111,96.04
0.111,96.16
0.112,96.04
0.112,96.02
0.112,96.09
0.113,96.06
0.113,96.04
0.113,96.02
0.114,96.11
0.114,96.09
0.114,96.06
0.115,96.04
0.115,96.71
0.115,95.97
0.116,96.02
0.116,96.02
0.116,96.13
0.117,96.08
0.117,96.01
0.117,96.04
0.118,96.09
0.118,96.13
0.118,96.09
0.119,95.97
0.119,96.04
0.119,96.02
0.12,96.06
0.12,96.08
0.12,96.09
0.121,96.07
0.121,96.11
0.121,95.95
0.122,96.08
0.122,96.69
0.122,96.01
0.123,96.06
0.123,96.07
0.123,96.06
0.124,95.97
0.124,96.09
0.124,96.01
0.125,96.09
0.125,96.04
0.125,96.06
0.126,96.04
0.126,96.07
0.126,95.99
0.127,96.0
0.127,96.06
0.127,96.09
0.128,96.0
0.128,96.11
0.128,95.97
0.129,96.09
0.129,96.06
0.129,96.08
0.13,96.08
0.13,96.14
0.13,96.06
0.131,96.06
0.131,96.09
0.131,96.08
0.132,96.09
0.132,96.07
0.132,96.14
0.133,95.97
0.133,96.06
0.133,96.11
0.134,95.99
0.134,96.04
0.134,96.11
0.135,96.02
0.135,80.42
0.135,96.02
0.136,96.09
0.136,96.09
0.136,96.11
0.137,96.01
0.137,96.07
0.137,96.04
0.138,96.02
0.138,96.09
0.138,96.09
0.139,96.02
0.139,96.04
0.139,96.23
0.14,95.99
0.14,96.04
0.14,96.07
0.141,96.01
0.141,96.06
0.141,96.09
0.142,96.0
0.142,96.02
0.142,96.09
0.143,96.08
0.143,96.14
0.143,96.06
0.144,96.08
0.144,96.04
0.144,96.04
0.145,96.08
0.145,96.11
0.145,96.06
0.146,96.02
0.146,96.07
0.146,96.02
0.147,96.04
0.147,96.07
0.147,96.11
0.148,96.04
0.148,96.08
0.148,96.09
0.149,96.06
0.149,96.08
0.149,96.07
0.15,96.07
0.15,96.07
0.15,96.13
0.151,96.06
0.151,96.09
0.151,96.09
0.152,96.06
0.152,96.11
0.152,96.04
0.153,95.97
0.153,96.08
0.153,96.09
0.154,96.07
0.154,96.08
0.154,96.06
0.155,96.09
0.155,96.01
0.155,96.09
0.156,96.13
0.156,96.02
0.156,96.06
0.157,96.04
0.157,96.01
0.157,96.11
0.158,96.09
0.158,96.14
0.158,96.06
0.159,96.01
0.159,96.06
0.159,96.09
0.16,96.02
0.16,96.09
0.16,96.04
0.161,96.08
0.161,96.11
0.161,96.04
0.162,96.06
0.162,96.04
0.162,96.04
0.163,96.08
0.163,95.99
0.163,96.02
0.164,96.11
0.164,95.95
0.164,96.04
0.165,96.71
0.165,96.04
0.165,95.95
0.166,96.13
0.166,96.0
0.166,96.04
0.167,96.08
0.167,96.04
0.167,96.01
0.168,96.0
0.168,96.08
0.168,96.07
0.169,96.04
0.169,96.04
0.169,96.01
0.17,96.13
0.17,96.07
0.17,96.04
0.171,96.04
0.171,96.02
0.171,96.04
0.172,96.09
0.172,96.13
0.172,96.09
0.173,96.04
0.173,96.01
0.173,96.11
0.174,96.04
0.174,96.06
0.174,96.04
0.175,96.06
0.175,96.83
0.175,96.76
0.176,96.04
0.176,96.11
0.176,96.02
0.177,96.08
0.177,96.14
0.177,96.04
0.178,96.02
0.178,96.02
0.178,96.02
0.179,96.09
0.179,96.09
0.179,96.11
0.18,96.04
0.18,96.09
0.18,96.06
0.181,95.95
0.181,96.04
0.181,96.01
0.182,95.99
0.182,96.08
0.182,96.08
0.183,96.09
0.183,96.04
0.183,96.19
0.184,96.04
0.184,96.06
0.184,96.07
0.185,96.09
0.185,96.11
0.185,96.07
0.186,96.07
0.186,96.04
0.186,96.07
0.187,96.11
0.187,96.06
0.187,96.08
0.188,96.04
0.188,96.07
0.188,96.06
0.189,96.04
0.189,96.02
0.189,96.02
0.19,96.07
0.19,96.04
0.19,96.06
0.191,96.13
0.191,95.97
0.191,96.11
0.192,96.02
0.192,95.99
0.192,95.37
0.193,95.99
0.193,96.01
0.193,95.99
0.194,96.09
0.194,96.04
0.194,96.02
0.195,96.04
0.195,96.04
0.195,96.11
0.196,96.06
0.196,95.97
0.196,95.99
0.197,96.06
0.197,96.02
0.197,96.11
0.198,96.13
0.198,96.02
0.198,96.02
0.199,96.13
0.199,96.14
0.199,96.11
0.2,96.09
0.2,96.04
0.2,96.08
0.201,96.04
0.201,96.08
0.201,96.11
0.202,95.99
0.202,96.06
0.202,96.02
0.203,96.09
0.203,96.78
0.203,96.09
0.204,96.06
0.204,96.02
0.204,96.09
0.205,96.04
0.205,96.02
0.205,96.09
0.206,96.02
0.206,96.02
0.206,96.16
0.207,96.01
0.207,96.02
0.207,96.06
0.208,96.09
0.208,96.02
0.208,95.99
0.209,96.06
0.209,96.04
0.209,96.01
0.21,96.07
0.21,96.07
0.21,96.13
0.211,96.02
0.211,95.99
0.211,96.06
0.212,96.09
0.212,95.99
0.212,96.09
0.213,96.11
0.213,96.16
0.213,96.06
0.214,96.06
0.214,95.97
0.214,96.06
0.215,96.07
0.215,96.11
0.215,95.2
0.216,96.04
0.216,96.06
0.216,96.02
0.217,96.09
0.217,96.11
0.217,96.09
0.218,96.09
0.218,96.08
0.218,96.01
0.219,96.08
0.219,96.07
0.219,96.06
0.22,96.07
0.22,95.99
0.22,96.01
0.221,96.11
0.221,96.04
0.221,96.16
0.222,96.15
0.222,96.02
0.222,96.09
0.223,96.02
0.223,96.02
0.223,96.06
0.224,96.04
0.224,96.06
0.224,96.04
0.225,96.13
0.225,96.01
0.225,95.99
0.226,96.01
0.226,96.02
0.226,95.99
0.227,96.06
0.227,96.02
0.227,96.04
0.228,96.09
0.228,96.0
0.228,96.09
0.229,96.04
0.229,96.11
0.229,96.08
0.23,96.09
0.23,96.02
0.23,96.08
0.231,96.06
0.231,96.02
0.231,95.97
0.232,96.02
0.232,96.01
0.232,96.04
0.233,95.99
0.233,96.11
0.233,96.02
0.234,96.09
0.234,96.02
0.234,96.02
0.235,95.95
0.235,96.04
0.235,96.02
0.236,96.09
0.236,96.06
0.236,96.04
0.237,96.08
0.237,96.08
0.237,95.97
0.238,96.08
0.238,96.07
0.238,95.99
0.239,96.02
0.239,96.0
0.239,96.02
0.24,95.99
0.24,96.11
0.24,96.06
0.241,95.99
0.241,96.02
0.241,96.04
0.242,96.02
0.242,96.15
0.242,96.02
0.243,96.06
0.243,96.07
0.243,96.01
0.244,96.81
0.244,96.02
0.244,96.06
0.245,96.14
0.245,96.04
0.245,96.08
0.246,96.06
0.246,96.06
0.246,96.01
0.247,96.04
0.247,96.06
0.247,96.13
0.248,96.04
0.248,96.04
0.248,96.09
0.249,96.06
0.249,96.06
0.249,96.06
0.25,96.11
0.25,96.09
0.25,96.04
0.251,96.09
0.251,96.07
0.251,96.04
0.252,96.02
0.252,95.95
0.252,96.01
0.253,96.01
0.253,96.04
0.253,96.06
0.254,96.06
0.254,96.09
0.254,96.06
0.255,96.07
0.255,96.02
0.255,95.96
0.256,96.06
0.256,96.02
0.256,96.04
0.257,96.01
0.257,96.0
0.257,96.06
0.258,96.01
0.258,96.01
0.258,96.14
0.259,96.04
0.259,96.11
0.259,96.16
0.26,96.06
0.26,96.02
0.26,95.95
0.261,96.01
0.261,96.07
0.261,96.06
0.262,96.04
0.262,96.0
0.262,96.8
0.263,96.06
0.263,96.14
0.263,96.04
0.264,96.13
0.264,96.8
0.264,96.09
0.265,96.04
0.265,95.99
0.265,96.07
0.266,96.15
0.266,96.11
0.266,96.11
0.267,96.18
0.267,96.04
0.267,96.15
0.268,96.11
0.268,96.09
0.268,96.02
0.269,95.97
0.269,96.04
0.269,96.08
0.27,96.08
0.27,96.07
0.27,96.09
0.271,96.01
0.271,96.07
0.271,96.06
0.272,96.01
0.272,96.0
0.272,96.09
0.273,96.08
0.273,96.04
0.273,95.99
0.274,96.16
0.274,96.04
0.274,96.04
0.275,96.02
0.275,96.04
0.275,96.04
0.276,96.08
0.276,96.01
0.276,96.04
0.277,96.04
0.277,96.11
0.277,96.04
0.278,96.06
0.278,96.06
0.278,96.13
0.279,96.16
0.279,96.04
0.279,95.99
0.28,96.02
0.28,96.01
0.28,96.02
0.281,96.07
0.281,96.07
0.281,96.11
0.282,96.13
0.282,96.01
0.282,95.99
0.283,96.02
0.283,96.02
0.283,95.61
0.284,96.18
0.284,96.06
0.284,95.97
0.285,96.02
0.285,96.06
0.285,96.07
0.286,96.17
0.286,96.11
0.286,96.04
0.287,96.0
0.287,96.04
0.287,96.04
0.288,96.06
0.288,96.06
0.288,96.09
0.289,96.04
0.289,96.07
0.289,96.07
0.29,96.13
0.29,96.11
0.29,96.08
0.291,96.09
0.291,96.04
0.291,96.04
0.292,96.13
0.292,96.07
0.292,96.06
0.293,96.13
0.293,96.13
0.293,96.02
0.294,95.99
0.294,96.04
0.294,96.11
0.295,96.11
0.295,96.11
0.295,96.04
0.296,96.06
0.296,96.04
0.296,96.04
0.297,96.01
0.297,96.01
0.297,96.08
0.298,96.07
0.298,96.09
0.298,96.08
0.299,96.14
0.299,96.11
0.299,96.09
